,0,1,2,3,4,5,6,7,8,9,10,11,12,13,14,15,16,17,18,19,20,21,22,23,24,25,26,27,28,29,30,31,32,33,34,35,36,37,38,39,40,41,42,43,44,45,46,47,48,49,50,51,52,53,54,55,56,57,58,59,60,61,62,63,64,65,66,67,68,69,70,71,72,73,74,75,76,77,78,79,80,81,82,83,84,85,86,87,88,89,90,91,92,93,94,95,96,97,98,99,100,101,102,103,104,105,106,107,108,109,110,111,112,113,114,115,116,117,118,119,120,121,122,123,124,125,126,127,128,129,130,131,132,133,134,135,136,137,138,139,140,141,142,143,144,145,146,147,148,149,150,151,152,153,154,155,156,157,158,159,160,161,162,163,164,165,166,167,168,169,170,171,172,173,174,175,176,177,178,179,180,181,182,183,184,185,186,187,188,189,190,191,192,193,194,195,196,197,198,199,200,201,202,203,204,205,206,207,208,209,210,211,212,213,214,215,216,217,218,219,220,221,222,223,224,225,226,227
0,0.0,3165.94,8731.54,11903.45,7757.18,19878.51,18436.35,2213.47,5887.74,16132.12,13615.5,4269.59,9099.25,25422.62,13520.72,5371.21,16011.3,15778.86,18061.91,17633.57,15462.43,15165.69,19417.62,15238.99,18670.73,18565.91,20183.65,17390.28,15191.11,15438.23,15612.42,15892.59,15626.48,17350.32,16135.11,15225.48,15073.98,16693.12,18093.27,16693.12,17377.09,18565.91,26429.57,17633.57,16231.72,16011.3,15626.48,18671.69,18833.92,24447.53,15260.67,14430.67,13734.57,16540.18,15466.21,17671.96,16220.25,15046.88,13116.35,13739.89,13734.57,13358.63,16618.13,17196.06,13635.75,12997.24,15479.33,16772.15,12457.14,16548.5,16220.25,17329.95,14001.52,18143.31,21100.21,22525.28,22796.58,18554.52,23092.95,23751.86,22283.86,19016.57,23586.52,19552.98,18671.27,18762.9,19852.75,19097.3,23739.71,19626.76,20196.98,22261.32,18916.01,22582.85,19385.93,18677.44,18811.99,22525.28,24835.02,19016.57,19214.22,22283.86,20216.57,25558.79,20359.54,25568.29,23092.95,19341.45,6580.34,5271.73,20485.08,24839.53,10901.71,24607.97,9165.09,3153.95,13101.03,14782.32,9382.32,17840.06,4174.07,16874.95,16599.96,2299.75,7579.479999999999,15112.74,6865.97,3597.36,12347.29,1523.97,6494.29,18261.18,2908.21,5574.54,11830.8,20812.55,6485.92,13267.95,12176.65,5571.97,15923.33,9602.04,15272.86,11044.55,4665.37,15495.11,15330.71,4955.01,12751.2,21024.91,27850.35,24562.4,24967.11,21689.13,24562.4,21863.02,17744.42,27087.66,21575.84,19326.45,28405.96,21347.94,21347.37,21976.14,21480.47,27461.9,24049.18,17323.27,24776.82,24016.15,22747.93,22125.65,24045.83,16692.71,21279.69,22017.19,18312.7,21273.08,23996.49,16943.45,19911.14,27087.66,25502.72,16963.46,27033.47,16722.56,21827.48,21303.52,17310.0,25702.04,19543.25,20438.8,18312.7,16744.97,25261.09,21754.67,26967.73,21290.25,19890.08,19894.84,23440.09,25988.27,27729.38,19947.12,23184.71,19947.12,21926.97,22762.58,21263.9,19337.01,27575.15,21669.18,18805.5,19911.14,9041.52,14392.85,6464.18,11584.16,18457.2,10725.64,9319.97,8273.62,10913.95,21561.83,10012.42,22614.08,26339.9,10012.42
1,3165.94,0.0,5625.76,8749.35,4695.51,16716.96,15274.0,1037.65,2910.29,12966.19,10451.78,1330.37,5982.33,22258.06,10357.2,2391.12,13509.06,13160.73,14952.42,15294.95,12330.53,12333.9,16346.37,12313.06,15578.99,15471.28,17132.29,15031.23,12337.72,12306.16,12457.45,12727.07,12472.69,14221.69,12970.7,12133.23,12039.26,13545.76,15792.86,13545.76,15020.31,15471.28,23449.35,15294.95,13753.67,13509.06,12472.69,15581.01,15747.37,21457.8,12334.42,13789.97,12815.38,16319.82,12617.08,17882.68,15941.24,12365.57,10865.37,12823.89,12815.38,12159.41,16422.75,14101.22,12636.35,10769.99,12614.76,13708.5,10434.92,13507.87,15941.24,17498.6,13226.38,18377.43,18077.68,19419.51,19682.15,16121.81,19970.27,20625.36,19189.45,16350.16,20460.04,16708.99,16540.09,16393.22,18560.02,16395.53,20612.72,18241.14,17268.91,19166.42,17171.97,19476.09,17872.6,16112.37,16508.11,19419.51,21704.94,16350.16,16446.65,19189.45,17289.27,22424.53,17413.14,22434.4,19970.27,16548.65,8905.88,7658.29,22558.37,26788.02,13107.06,26566.59,11436.41,4646.63,15263.58,16959.59,11646.7,19903.95,6290.6,18943.02,18691.69,3816.96,9884.73,17295.34,9176.75,1800.89,10210.65,1781.42,4541.54,16019.53,1270.64,3736.09,9687.7,18468.14,4525.64,11172.77,10038.4,3745.69,13790.62,6596.78,12686.43,8151.33,3184.35,12935.39,12751.18,2099.92,10044.47,20900.35,25088.55,22201.09,22570.67,20173.97,22201.09,20724.15,18957.18,24408.08,20959.36,21114.56,25600.13,23493.45,20846.07,21028.06,20207.84,24763.96,21903.65,17953.2,22391.33,21904.95,21019.47,21295.44,21925.94,17571.32,20937.02,21084.94,19763.01,20965.48,21945.45,17983.52,21824.4,24408.08,23021.79,18001.38,24361.93,17561.23,21136.3,20960.58,17945.39,23161.46,21382.77,22450.49,19763.01,17584.07,22838.72,20581.86,24301.23,19893.25,21804.79,21804.78,21619.56,23414.6,24988.54,20007.81,21396.64,20007.81,20879.53,21035.4,19894.15,21121.46,24857.8,23859.14,19052.36,21824.4,9261.92,13471.91,8090.27,11070.06,17207.37,10422.11,9441.75,8768.21,10565.72,20115.08,9915.24,21118.47,24716.98,9915.24
2,8731.54,5625.76,0.0,3280.12,1035.65,11465.75,10027.42,6659.59,2905.29,7631.76,5065.2,4470.84,387.42,16912.7,4968.68,3392.76,8920.21,8335.059999999998,10189.58,10953.16,6737.24,7082.72,11764.43,6879.18,10906.43,10784.96,12628.35,10661.22,7042.16,6713.24,6946.7,7351.87,6954.52,9346.31,7717.489999999998,6507.48,6447.38,8526.33,11503.64,8526.33,10655.76,10784.96,19107.02,10953.16,9202.96,8920.21,6954.52,10914.68,11099.7,17117.12,6899.57,15651.39,14322.19,18621.51,9305.13,20718.57,18181.27,9728.75,9822.62,14335.16,14322.19,13253.17,18755.04,9466.59,14026.14,9811.13,9238.42,9281.98,10077.73,9222.35,18181.27,20296.36,14928.34,21220.1,13682.46,14572.38,14779.97,13898.35,15013.23,15635.61,14410.16,13388.4,15472.45,13103.13,15100.94,14328.28,18835.92,13312.88,15619.95,18353.34,13308.79,14384.86,16603.32,14622.3,17748.72,13491.99,14616.35,14572.38,16680.03,13388.4,13133.82,14410.16,13331.4,17365.33,13371.98,17377.54,15013.23,13139.78,14293.48,13113.81,27487.18,31540.45,18307.59,31332.23,16722.4,9956.6,20385.37,22062.98,16922.95,24859.57,11694.59,23917.45,23691.83,9259.62,15232.52,22397.8,14548.32,5528.07,6901.53,7406.75,4591.05,11839.99,5964.47,4866.16,6475.19,13976.0,4574.52,7791.64,6760.77,4887.08,10003.72,3907.99,10334.84,5478.36,5512.86,10640.08,10414.16,3861.04,7697.89,23085.45,21469.9,19828.49,20089.0,19895.03,19828.49,21166.99,23035.65,21059.88,22336.88,25775.79,21829.93,28482.12,22424.78,21812.7,20419.74,21350.81,20099.23,21354.13,19946.21,20185.27,20234.66,22280.52,20183.93,21303.11,22773.2,21895.67,24088.66,22857.13,20370.3,21893.28,26603.1,21059.88,20291.78,21907.88,21039.2,21244.36,22375.56,22795.2,21353.76,20258.58,26092.79,27319.68,24088.66,21266.71,20276.55,20967.3,20995.28,19874.64,26585.26,26580.39,20598.03,20408.37,21437.85,22517.23,20459.46,22517.23,21487.38,20252.57,19930.69,25778.73,21382.94,28886.99,21879.22,26603.1,12884.27,14896.54,13104.17,13464.78,17666.43,13214.26,12923.52,12756.84,13274.36,19981.55,13057.44,20827.51,23992.78,13057.44
3,11903.45,8749.35,3280.12,0.0,4315.55,8193.1,6759.32,9761.19,6171.81,4355.25,1790.75,7688.279999999999,2892.84,13633.8,1694.58,6641.74,8214.35,7388.649999999999,7128.46,10322.56,3641.22,5592.96,8765.66,4980.34,7878.05,7751.89,9652.65,10025.85,5462.8,3616.42,3708.98,4071.92,3723.46,6243.14,4460.47,3683.51,4004.46,5363.04,10883.39,5363.04,10026.94,7751.89,16117.47,10322.56,8509.83,8214.35,3723.46,7889.62,8080.47,14150.16,4995.15,16377.68,14933.75,19456.45,7340.8,21789.75,18998.68,8215.84,9394.1,14948.31,14933.75,13713.96,19602.29,6508.55,14593.26,9438.45,7232.58,6476.39,10042.47,6523.23,18998.68,21358.14,15608.81,22280.78,10743.14,11406.38,11591.64,12294.31,11804.38,12413.41,11273.24,11338.96,12251.6,10653.45,13916.72,12798.74,18491.7,11189.31,12396.89,17933.87,10630.46,11247.22,15864.62,11453.3,17217.64,11657.61,13178.75,11406.38,13443.99,11338.96,10870.73,11273.24,10653.67,14118.73,10642.81,14131.47,11804.38,10814.45,17072.06,15963.39,29771.4,33661.61,20889.5,33464.7,19389.34,12776.33,22883.28,24528.9,19579.84,27186.82,14528.87,26267.82,26063.58,12175.09,17966.99,24859.66,17310.81,8803.79,7820.08,10509.88,7622.62,11307.46,9211.28,8042.93,7563.489999999998,12976.32,7609.04,8481.13,7734.439999999999,8062.859999999999,10025.86,4260.77,8951.17,4956.89,8755.719999999998,9260.61,9031.4,7122.66,6749.13,23710.35,18807.02,17887.96,18078.54,19183.0,17887.96,20832.98,24797.3,18545.23,22510.87,27882.11,19085.68,30804.84,22713.48,21657.15,19976.58,18796.94,18482.26,22739.54,17960.55,18615.34,19212.78,22227.42,18600.96,22887.16,23202.29,21752.74,25991.02,23316.33,18879.43,23572.34,28784.2,18545.23,18134.33,23584.65,18538.57,22800.57,22467.8,23222.76,22743.59,18004.17,28229.97,29560.54,25991.02,22822.11,18215.15,20606.51,18504.42,19316.34,28767.81,28759.49,19424.87,18092.9,18810.55,23347.33,19340.39,23347.33,21239.13,19231.25,19402.66,27882.26,18796.04,31237.75,22912.58,28784.2,14717.99,15423.46,15661.73,14621.87,17482.07,14598.81,14683.19,14783.92,14610.97,19351.79,14634.38,20075.57,22897.82,14634.38
4,7757.18,4695.51,1035.65,4315.55,0.0,12500.86,11062.04,5733.14,1889.16,8667.35,6100.79,3487.65,1423.07,17947.24,6004.27,2391.72,9351.43,8847.3,11188.26,11320.83,7740.939999999999,7766.95,12747.59,7659.739999999998,11897.33,11777.02,13604.96,11035.41,7748.18,7717.18,7973.439999999999,8387.399999999998,7980.08,10354.3,8751.11,7468.609999999999,7344.02,9545.77,11859.29,9545.77,11028.15,11777.02,20078.12,11320.83,9623.74,9351.43,7980.08,11904.91,12088.38,18084.91,7680.77,15582.61,14304.39,18494.45,10084.04,20500.71,18062.85,10395.18,10197.9,14316.7,14304.39,13297.19,18623.05,10448.15,14026.21,10170.47,10027.51,10235.79,10330.71,10156.06,18062.85,20083.78,14881.53,21003.41,14649.17,15586.77,15798.89,14540.63,16036.26,16661.19,15418.55,14148.08,16497.79,13960.78,15620.03,14947.48,19083.33,14091.3,16645.7,18626.61,14218.24,15393.42,16983.65,15637.28,18059.52,14196.98,15208.66,15586.77,17708.21,14148.08,13947.15,15418.55,14240.63,18395.54,14292.73,18407.64,16036.26,13967.93,13478.02,12273.06,26826.74,30931.28,17557.31,30719.4,15943.74,9145.72,19661.41,21346.98,16147.63,24188.46,10866.66,23239.87,23006.94,8409.3,14431.76,21682.57,13738.55,4497.44,6891.37,6474.32,3708.01,12164.71,4953.96,3889.46,6423.12,14410.52,3690.0,7826.3,6737.12,3910.8,10193.69,4360.1,10959.5,6036.02,4494.9,11259.16,11037.4,2845.22,8268.889999999998,23004.91,22356.94,20529.23,20807.72,20247.07,20529.23,21398.55,22570.77,21909.37,22404.62,25181.95,22737.3,27806.37,22455.62,21986.18,20688.32,22209.95,20710.36,21026.3,20658.72,20782.97,20676.07,22419.96,20785.27,20906.64,22757.46,22064.85,23571.14,22831.32,20945.14,21461.3,25980.99,21909.37,21049.21,21476.65,21885.1,20857.84,22468.96,22779.86,21024.4,21041.79,25487.31,26674.98,23571.14,20880.38,21008.36,21208.04,21838.73,20180.86,25962.67,25959.04,21081.55,21207.28,22315.8,22371.69,20928.01,22371.69,21691.05,20693.74,20227.51,25185.87,22250.56,28200.64,21668.73,25980.99,12451.22,14900.62,12385.08,13271.18,17872.58,12942.92,12517.9,12251.2,13019.49,20308.62,12718.08,21186.77,24440.57,12718.08
5,19878.51,16716.96,11465.75,8193.1,12500.86,0.0,1445.3,17679.35,14329.26,3839.3,6402.77,15777.72,11078.53,5563.25,6499.13,14776.6,11909.48,10997.1,2954.41,13426.54,5411.68,9231.88,3473.88,8286.3,3110.31,3075.47,3988.68,13211.44,9023.28,5426.44,4778.11,4138.75,4797.64,3033.94,3761.13,6246.35,7118.53,3308.46,13845.45,3308.46,13225.38,3075.47,9053.67,13426.54,12111.78,11909.48,4797.64,3134.96,3189.55,7376.75,8275.809999999998,19978.23,18500.95,22951.47,7599.41,25589.8,22500.07,9134.89,12213.73,18516.52,18500.95,17180.1,23109.71,3765.98,18124.08,12353.19,7451.67,4530.89,13408.21,4989.35,22500.07,25169.54,19217.3,26024.78,4847.46,3848.97,3860.32,11195.72,3922.17,4423.08,3939.08,9143.14,4274.9,7221.84,13565.7,11769.21,19464.07,8790.83,4402.45,18799.46,6183.65,3912.49,16269.97,3869.17,17915.03,10059.57,12309.74,3848.97,5360.71,9143.14,8088.02,3939.08,6199.97,5985.81,5940.21,6000.39,3922.17,7815.989999999998,24317.01,23356.67,35747.35,39206.54,27678.3,39038.2,26374.93,20227.11,29458.67,30998.78,26542.07,33312.57,21940.07,32463.59,32307.5,19781.94,25111.41,31313.17,24521.8,16965.85,14058.01,18413.11,15720.61,14336.3,17322.31,16209.25,14052.71,14540.95,15708.88,14276.42,14056.3,16228.63,14429.3,10693.39,9806.1,9924.03,16945.47,9974.78,9848.67,15268.16,9819.72,26411.97,12844.27,14537.65,14475.71,19154.56,14537.65,21556.86,29853.02,13151.72,24282.13,33536.59,12796.88,36839.33,24731.96,22729.71,20526.74,13236.63,16052.12,27128.99,14454.42,16307.11,18369.16,23491.35,16255.98,27672.93,25501.69,22846.39,31287.27,25675.15,16768.15,28515.69,34569.12,13151.72,14037.26,28522.77,13196.5,27534.64,24052.69,25517.17,27141.88,13593.1,33938.52,35450.8,31287.27,27553.38,14427.41,21288.97,13201.12,19659.46,34556.17,34540.88,18142.78,13458.87,12979.56,26525.42,18217.29,26525.42,22129.57,18386.73,19810.6,33530.97,13115.14,37322.68,26556.52,34569.12,20526.8,18750.01,22593.17,19264.49,18968.51,19650.34,20371.02,20907.1,19576.55,19511.11,20016.37,19835.97,21457.04,20016.37
6,18436.35,15274.0,10027.42,6759.32,11062.04,1445.3,0.0,16238.72,12886.26,2414.95,4968.61,14332.43,9640.4,6994.36,5064.74,13332.27,11039.16,10104.23,2365.19,12693.38,4174.43,8242.54,3549.39,7272.43,2863.09,2774.44,4298.28,12459.45,8030.859999999999,4185.9,3453.86,2728.95,3481.82,2021.36,2316.5,5076.04,6006.96,1984.64,13146.02,1984.64,12471.8,2774.44,10073.18,12693.38,11262.16,11039.16,3481.82,2889.22,3022.14,8273.46,7264.569999999999,19008.22,17519.51,22022.3,6733.7,24634.84,21566.47,8275.059999999998,11213.33,17535.11,17519.51,16195.49,22179.97,2912.3,17143.05,11344.37,6578.94,3664.52,12368.63,4123.45,21566.47,24210.46,18238.29,25080.36,5330.38,4952.12,5044.48,10798.74,5179.48,5738.23,4944.76,8878.78,5582.18,7131.38,13105.41,11379.99,18886.64,8552.12,5719.46,18230.8,6295.66,4917.39,15737.89,4985.16,17361.5,9714.080000000002,11908.1,4952.12,6726.37,8878.78,7895.75,4944.76,6315.36,7378.5,6110.11,7392.109999999999,5179.48,7657.939999999999,22934.18,21958.74,34530.29,38052.86,26348.38,37880.34,25021.49,18819.57,28156.25,29711.62,25191.38,32071.97,20538.54,31212.62,31050.25,18361.83,23739.63,30028.53,23142.55,15522.67,12892.85,16973.55,14313.85,13638.72,15877.11,14787.26,12855.1,14090.11,14301.74,13173.03,12880.26,14806.81,13524.07,9302.54,8995.309999999998,8615.63,15514.59,9195.89,9046.27,13824.21,8697.0,25624.2,13599.12,14697.75,14690.04,18743.19,14697.75,21045.22,28743.38,13765.01,23624.31,32357.28,13637.53,35616.46,24038.47,22171.73,20032.96,13893.18,16045.87,26099.41,14647.05,16280.48,18093.02,22908.84,16235.91,26591.55,24769.85,22286.02,30149.81,24935.28,16709.67,27416.41,33374.82,13765.01,14354.79,27424.22,13797.59,26459.68,23422.87,24786.21,26111.14,13975.43,32752.96,34244.38,30149.81,26478.88,14681.96,20781.43,13792.6,19190.36,33361.39,33346.98,17944.93,13891.54,13701.87,25666.56,17990.71,25666.56,21595.96,18111.01,19332.33,32352.4,13800.67,36094.0,25629.51,33374.82,19282.91,17804.67,21237.53,18150.4,18301.16,18489.19,19139.97,19630.2,18425.25,19071.76,18818.51,19470.62,21329.55,18818.51
7,2213.47,1037.65,6659.59,9761.19,5733.14,17679.35,16238.72,0.0,3937.82,13949.12,11448.74,2329.5,7013.67,23228.94,11354.7,3416.16,14473.9,14148.16,15848.78,16227.1,13353.92,13355.96,17210.09,13345.82,16459.5,16354.28,17980.81,15967.54,13362.6,13329.49,13466.69,13716.24,13483.06,15137.2,13942.52,13166.6,13076.83,14483.95,16717.17,14483.95,15956.1,16354.28,24250.05,16227.1,14713.81,14473.9,13483.06,16460.62,16623.49,22264.24,13367.22,13576.35,12692.92,15980.26,13331.98,17416.62,15618.81,12986.61,11269.28,12700.35,12692.92,12134.99,16075.71,14984.27,12541.53,11162.47,13338.78,14565.71,10733.12,14347.46,15618.81,17043.75,13055.73,17906.05,18905.54,20312.61,20583.29,16625.4,20879.48,21538.48,20072.53,16969.38,21373.13,17424.73,16907.73,16867.75,18596.62,17033.22,21526.35,18311.66,18034.79,20049.93,17379.19,20370.09,17990.85,16680.03,16952.61,20312.61,22621.82,16969.38,17119.57,20072.53,18054.68,23345.96,18190.48,23355.41,20879.48,17235.5,7913.43,6652.41,21636.32,25894.76,12146.47,25671.06,10460.85,3716.0,14315.0,16011.35,10672.81,18980.75,5305.84,18017.74,17761.6,2845.84,8899.03,16346.67,8187.43,2335.64,11081.6,749.52,5303.28,16930.75,1583.98,4435.84,10558.04,19405.45,5289.42,12036.87,10909.04,4441.59,14671.71,7405.18,13258.76,8886.01,3727.21,13494.74,13320.14,3090.55,10674.06,20545.15,25763.88,22679.68,23065.66,20298.4,22679.68,20709.68,18221.02,25040.52,20763.6,20249.15,26299.27,22558.44,20611.73,20946.28,20241.07,25405.94,22286.52,17367.17,22881.13,22273.1,21228.79,21173.21,22297.83,16916.86,20651.17,20997.74,18971.3,20668.42,22288.12,17288.31,20933.59,25040.52,23556.43,17306.76,24990.27,16917.32,20966.13,20674.87,17357.83,23724.56,20506.78,21540.43,18971.3,16940.12,23345.9,20579.38,24926.99,19972.15,20913.65,20914.63,21866.74,23993.87,25652.81,19593.19,21630.4,19593.19,20832.59,21244.24,19962.8,20256.84,25509.8,22916.14,18579.26,20933.59,8737.489999999998,13353.85,7206.029999999999,10795.13,17224.13,10071.97,8948.66,8159.51,10231.48,20213.28,9494.37,21237.34,24890.7,9494.37
8,5887.74,2910.29,2905.29,6171.81,1889.16,14329.26,12886.26,3937.82,0.0,10507.26,7944.51,1628.65,3288.42,19803.41,7848.029999999999,523.03,10694.2,10298.9,12880.07,12551.05,9630.03,9424.22,14393.2,9410.01,13565.91,13449.11,15231.05,12278.24,9427.43,9606.25,9851.74,10236.6,9859.77,12074.98,10570.35,9348.1,9187.84,11303.98,13066.26,11303.98,12268.61,13449.11,21675.37,12551.05,10948.76,10694.2,9859.77,13571.71,13750.5,19677.17,9431.45,15177.59,14007.69,17957.18,11319.17,19788.15,17544.53,11415.38,10692.51,14018.62,14007.69,13127.84,18075.96,12098.76,13765.88,10636.95,11282.76,11822.51,10601.0,11699.08,17544.53,19383.07,14524.63,20289.96,16247.18,17316.02,17543.54,15464.19,17796.06,18430.72,17128.73,15303.88,18266.47,15317.0,16298.75,15823.01,19223.85,15284.86,18415.99,18818.59,15684.42,17104.16,17388.88,17368.46,18325.83,15244.89,16030.37,17316.02,19488.49,15303.88,15212.09,17128.73,15706.23,20185.47,15783.8,20197.0,17796.06,15262.98,11801.41,10563.68,25350.53,29527.92,15964.94,29310.66,14313.5,7504.0,18103.18,19796.7,14521.76,22700.78,9183.86,21744.24,21500.55,6709.68,12773.54,20132.7,12069.45,2636.69,7676.279999999999,4662.3,2860.68,13324.33,3064.8,2599.59,7164.99,15703.65,2840.06,8643.729999999998,7508.05,2620.84,11186.19,5268.69,11893.32,6992.82,2908.24,12177.93,11967.33,956.54,9163.5,22522.64,23746.45,21529.59,21843.29,20574.58,21529.59,21494.1,21421.56,23216.1,22193.29,23813.45,24172.89,26305.17,22176.95,21970.94,20857.04,23537.16,21531.6,20118.13,21682.31,21577.5,21169.78,22339.68,21586.92,19880.66,22392.92,22041.24,22330.89,22448.23,21694.16,20372.16,24565.97,23216.1,22163.16,20388.72,23184.02,19849.16,22304.1,22415.91,20113.61,22209.37,24099.62,25223.36,22330.89,19871.93,22069.81,21321.77,23132.41,20423.01,24546.93,24545.26,21653.37,22407.3,23684.8,21776.78,21471.99,21776.78,21733.25,21186.88,20451.8,23818.94,23596.53,26682.83,20962.57,24565.97,11430.39,14635.99,10867.34,12670.13,17946.6,12206.11,11545.32,11103.56,12311.32,20588.91,11861.8,21522.07,24927.73,11861.8
9,16132.12,12966.19,7631.76,4355.25,8667.35,3839.3,2414.95,13949.12,10507.26,0.0,2566.56,11981.76,7244.359999999999,9305.75,2663.08,10963.15,9436.74,8486.95,3482.87,11290.77,2186.16,6511.79,5122.96,5538.83,4239.51,4113.86,6001.21,11029.54,6303.05,2186.8,1304.26,348.69,1356.93,2599.02,428.19,3158.59,4147.84,1672.38,11791.7,1672.38,11038.88,4113.86,12227.4,11290.77,9690.55,9436.74,1356.93,4259.68,4446.58,10339.21,5536.61,17990.63,16493.84,21063.84,6341.38,23604.26,20602.44,7775.95,10266.96,16509.36,16493.84,15180.35,21219.09,3336.19,16122.97,10374.53,6186.11,3796.0,11299.73,4132.57,20602.44,23173.89,17209.54,24069.05,7111.48,7246.14,7382.38,11066.3,7552.13,8132.319999999999,7177.96,9454.73,7973.81,8082.17,13188.61,11639.95,18650.55,9186.97,8114.34,18019.59,7584.68,7150.89,15633.44,7286.04,17190.66,10114.93,12129.11,7246.14,9135.48,9454.73,8642.58,7177.96,7607.14,9792.74,7485.97,9806.23,7552.13,8472.42,20871.59,19847.87,32884.39,36545.61,24434.7,36364.04,23044.07,16681.32,26312.49,27903.95,23221.57,30374.99,18418.08,29492.27,29314.81,16174.85,21710.08,28226.61,21090.95,13143.54,10769.57,14690.48,11899.99,12277.85,13520.36,12373.37,10682.93,13139.38,11887.79,11143.78,10740.43,12392.86,11814.66,7292.22,8559.469999999998,6922.48,13106.17,8816.069999999998,8625.36,11451.32,7545.37,24925.73,15438.75,15742.72,15813.33,18808.19,15742.72,20904.65,27359.34,15433.49,23190.14,30804.32,15574.22,33954.72,23533.4,21935.72,19935.64,15612.88,16818.71,24902.22,15739.95,17018.01,18399.38,22621.12,16984.34,25279.03,24185.87,22044.58,28698.58,24334.65,17390.71,26060.64,31784.72,15433.49,15628.51,26070.04,15450.58,25161.9,23042.92,24203.82,24911.38,15343.48,31184.59,32624.09,28698.58,25182.02,15862.51,20651.04,15433.75,19147.38,31770.21,31757.89,18383.7,15327.89,15502.39,24826.66,18381.35,24826.66,21409.97,18417.82,19271.18,30801.18,15556.41,34417.63,24651.05,31784.72,17625.4,16853.43,19263.82,16819.02,17903.76,17043.13,17516.24,17884.37,17003.37,19083.19,17280.23,19606.7,21843.9,17280.23
10,13615.5,10451.78,5065.2,1790.75,6100.79,6402.77,4968.61,11448.74,7944.51,2566.56,0.0,9434.6,4677.8,11860.21,96.55,8405.09,8534.91,7625.62,5475.81,10580.19,2329.89,5656.47,7140.51,4822.81,6241.13,6112.97,8035.05,10293.1,5479.77,2306.88,2086.28,2292.71,2117.04,4568.67,2674.64,2802.07,3519.15,3648.7,11125.34,3648.7,10297.84,6112.97,14458.7,10580.19,8819.88,8534.91,2117.04,6255.1,6448.0,12511.09,4830.9,16863.05,15384.61,19957.55,6546.32,22391.85,19495.84,7682.479999999999,9459.71,15399.72,15384.61,14111.86,20108.24,4954.18,15027.67,9533.330000000002,6414.5,5055.82,10294.81,5192.72,19495.84,21959.1,16083.14,22873.23,9140.99,9658.2,9831.1,11547.25,10033.34,10635.86,9541.99,10328.99,10474.74,9388.9,13388.85,12086.06,18368.24,10133.77,10618.99,17776.11,9208.42,9515.62,15559.03,9703.37,17007.78,10780.02,12514.01,9658.2,11660.51,10328.99,9728.9,9541.99,9231.7,12331.64,9185.44,12344.54,10033.34,9631.64,18571.53,17502.84,30968.86,34761.16,22273.34,34570.84,20822.69,14320.19,24215.97,25838.92,21007.3,28414.99,16068.27,27511.23,27318.93,13766.3,19440.49,26166.41,18801.21,10579.98,8943.03,12194.33,9384.32,11583.66,10967.91,9826.97,8765.069999999998,12933.08,9371.34,9477.27,8883.42,9846.75,10643.39,5239.54,8462.469999999998,5378.73,10546.15,8759.5,8539.27,8890.989999999998,6690.55,24059.98,17329.61,16848.16,16995.13,18844.48,16848.16,20687.5,25739.27,17156.82,22627.59,28991.18,17559.59,32020.11,22890.57,21601.84,19779.75,17383.92,17628.82,23498.37,16893.06,17788.23,18697.47,22222.89,17766.32,23748.26,23450.93,21703.42,27000.57,23580.22,18095.96,24478.36,29929.77,17156.82,16962.36,24489.41,17158.54,23647.81,22540.45,23470.41,23504.7,16775.01,29354.12,30735.48,27000.57,23668.78,17100.07,20448.56,17130.39,19062.82,29914.21,29904.07,18820.22,16826.42,17354.07,23809.27,18767.81,23809.27,21136.89,18716.04,19165.08,28989.85,17363.49,32467.0,23485.54,29929.77,15783.39,15820.8,17062.31,15357.3,17461.4,15447.61,15713.45,15940.89,15435.91,19057.68,15576.85,19704.28,22305.99,15576.85
11,4269.59,1330.37,4470.84,7688.279999999999,3487.65,15777.72,14332.43,2329.5,1628.65,11981.76,9434.6,0.0,4844.04,21287.5,9338.69,1106.74,12179.21,11831.53,14173.65,13972.65,11207.83,11028.5,15631.09,11033.83,14831.73,14719.17,16444.84,13707.59,11037.2,11183.79,11390.76,11725.03,11401.9,13403.26,12017.59,10956.17,10813.4,12676.86,14473.33,12676.86,13696.84,14719.17,22836.56,13972.65,12424.41,12179.21,11401.9,14835.65,15008.69,20838.81,11055.33,14590.8,13528.25,17232.89,12203.1,18907.13,16839.31,12112.17,10956.38,13537.85,13528.25,12771.27,17342.58,13354.9,13321.13,10878.22,12184.74,13018.32,10675.58,12854.61,16839.31,18514.08,13986.75,19405.46,17427.57,18633.97,18878.84,16023.4,19148.83,19794.06,18425.51,16071.93,19629.1,16268.42,16633.94,16336.16,19064.66,16087.23,19780.31,18707.0,16737.39,18401.66,17474.64,18688.51,18282.61,15916.72,16493.95,18633.97,20863.37,16071.93,16080.08,18425.51,16758.51,21571.7,16860.23,21582.46,19148.83,16158.2,10232.05,8978.62,23882.21,28102.17,14437.39,27881.62,12766.17,5976.09,16593.01,18288.89,12976.63,21228.32,7618.25,20267.99,20017.79,5145.82,11212.78,18624.69,10503.85,1423.81,8923.139999999998,3040.96,3398.74,14705.41,1549.77,2707.72,8401.479999999998,17143.71,3380.81,9888.43,8751.37,2722.14,12493.12,6095.9,12507.8,7758.34,2438.41,12774.82,12577.25,769.59,9803.42,21816.03,24689.87,22114.07,22458.49,20567.19,22114.07,21280.37,20189.73,24080.45,21714.38,22418.22,25160.91,24820.28,21641.53,21659.51,20710.34,24420.23,21953.78,19077.92,22287.31,21975.45,21303.55,21970.76,21991.21,18748.79,21784.57,21722.26,21029.23,21824.16,22050.72,19189.5,23138.29,24080.45,22849.28,19206.92,24040.94,18730.95,21863.76,21807.94,19071.34,22945.37,22690.89,23770.89,21029.23,18753.78,22707.75,21124.73,23984.48,20342.67,23118.8,23118.42,21852.87,23172.96,24608.2,20981.31,21648.07,20981.31,21472.32,21320.04,20355.81,22424.76,24497.69,25187.44,20080.5,23138.29,10367.94,14175.65,9407.43,11948.94,17740.9,11375.34,10522.37,9938.1,11503.55,20540.45,10933.72,21515.27,25035.48,10933.72
12,9099.25,5982.33,387.42,2892.84,1423.07,11078.53,9640.4,7013.67,3288.42,7244.359999999999,4677.8,4844.04,0.0,16525.78,4581.28,3771.87,8785.62,8169.689999999999,9817.72,10838.61,6364.64,6850.13,11398.74,6605.83,10537.69,10415.75,12265.2,10544.75,6800.42,6340.54,6563.46,6964.51,6571.82,8970.639999999998,7330.92,6154.51,6123.72,8145.859999999999,11392.7,8145.859999999999,10540.0,10415.75,18745.19,10838.61,9071.71,8785.62,6571.82,10546.22,10731.84,16756.84,6625.89,15693.66,14347.12,18682.61,9026.4,20811.75,18239.51,9495.74,9706.04,14360.32,14347.12,13256.52,18817.86,9102.18,14044.79,9700.84,8955.53,8929.5,10008.11,8878.46,18239.51,20387.87,14963.29,21312.56,13323.16,14193.52,14399.26,13669.73,14630.84,15252.19,14033.75,13113.27,15089.12,12788.54,14919.75,14108.43,18756.26,13030.25,15236.45,18264.2,12972.99,14008.38,16474.6,14243.19,17645.72,13238.73,14406.85,14193.52,16295.54,13113.27,12837.21,14033.75,12995.67,16980.02,13031.55,16992.28,14630.84,12837.15,14605.17,13434.82,27739.37,31773.18,18594.68,31566.33,17020.14,10269.81,20662.34,22336.58,17219.43,25116.25,12012.08,24176.71,23953.79,9586.61,15538.65,22671.04,14857.91,5913.99,6945.92,7761.939999999999,4937.01,11740.45,6344.41,5237.58,6537.66,13830.59,4920.94,7814.779999999999,6810.98,5258.36,9960.22,3797.22,10117.75,5305.96,5895.38,10424.73,10197.51,4243.37,7509.08,23126.41,21141.04,19573.27,19826.64,19774.72,19573.27,21091.79,23218.15,20745.89,22322.83,26004.24,21493.01,28739.67,22424.51,21759.11,20330.94,21032.97,19878.85,21487.38,19686.33,19970.07,20079.86,22239.51,19967.32,21461.48,22790.16,21843.66,24289.92,22877.81,20163.89,22064.3,26841.59,20745.89,20014.17,22078.62,20726.63,21399.13,22351.83,22812.0,21487.57,19970.86,26325.38,27566.19,24289.92,21421.4,20008.99,20888.75,20683.69,19771.86,26823.93,26818.61,20426.82,20114.44,21112.58,22582.64,20294.1,22582.64,21422.56,20097.86,19831.46,26006.82,21061.74,29148.3,21969.01,26841.59,13062.87,14912.54,13383.21,13555.92,17603.39,13334.13,13092.25,12961.42,13388.15,19870.73,13202.17,20703.89,23833.74,13202.17
13,25422.62,22258.06,16912.7,13633.8,17947.24,5563.25,6994.36,23228.94,19803.41,9305.75,11860.21,21287.5,16525.78,0.0,11956.57,20265.18,15511.65,14728.76,7975.3,16499.15,10439.68,13368.74,7410.34,12564.19,7690.81,7737.54,7209.51,16358.39,13184.62,10459.94,10016.45,9567.51,10018.97,8400.399999999998,9287.51,11068.98,11736.18,8846.25,16781.91,8846.25,16376.56,7737.54,7645.27,16499.15,15637.14,15511.65,10018.97,7704.68,7631.43,7110.66,12547.75,24633.29,23204.9,27464.52,12399.22,30143.51,27030.12,13833.37,17082.7,23220.12,23204.9,21912.05,27622.41,8906.59,22832.64,17236.2,12273.58,9593.35,18332.18,10002.56,27030.12,29738.14,23905.05,30546.28,7207.97,4655.49,4252.94,14687.33,3824.21,3358.45,5090.8,12486.71,3434.34,10409.3,17071.81,15196.57,23071.01,12111.76,3344.18,22399.84,9085.49,5090.19,19850.93,4596.04,21499.11,13515.2,15732.56,4655.49,2879.44,12486.71,11387.74,5090.8,9088.56,2655.63,8758.55,2676.06,3824.21,11071.05,29842.39,28901.03,40923.52,44216.32,33113.64,44059.18,31853.69,25781.5,34837.62,36343.51,32016.0,38549.4,27488.6,37725.93,37584.34,25344.04,30620.52,36652.01,30042.13,22437.28,18491.22,23965.34,20991.04,17236.66,22825.47,21548.62,18592.49,16598.57,20981.03,18501.53,18525.18,21567.09,18004.82,16238.65,14369.39,15376.34,22329.54,14461.47,14392.08,20751.08,14982.0,30494.76,12143.13,16047.16,15797.48,22279.77,16047.16,24915.78,34781.42,13043.88,28019.26,38626.1,11693.61,42027.31,28566.05,26200.61,23858.86,12932.51,18028.04,31866.91,15855.5,18336.1,21105.79,27019.9,18266.02,32540.72,29435.66,26321.95,36279.93,29629.9,18877.24,33424.32,39692.7,13043.88,15018.8,33429.51,13135.68,32386.91,27711.32,29448.35,31882.73,14371.46,39042.31,40601.86,36279.93,32404.36,15607.56,24642.3,13180.43,22942.58,39680.95,39663.53,20640.1,14055.94,12411.6,30807.66,20803.4,30807.66,25540.81,21121.35,23116.65,38618.64,12696.79,42523.71,31026.05,39692.7,25808.75,23361.47,28079.32,24272.15,22843.0,24760.45,25627.1,26253.98,24665.38,22709.43,25204.1,22797.63,23594.61,25204.1
14,13520.72,10357.2,4968.68,1694.58,6004.27,6499.13,5064.74,11354.7,7848.029999999999,2663.08,96.55,9338.69,4581.28,11956.57,0.0,8308.78,8516.489999999998,7610.5,5558.81,10566.97,2391.33,5646.88,7221.989999999998,4822.84,6323.2,6195.14,8116.22,10279.15,5472.23,2368.04,2171.23,2389.06,2200.78,4653.03,2769.64,2835.68,3532.2,3736.12,11113.34,3736.12,10283.7,6195.14,14543.71,10566.97,8802.319999999998,8516.489999999998,2200.78,6336.98,6529.8,12594.54,4831.34,16824.6,15347.49,19918.98,6571.23,22348.55,19457.39,7693.33,9439.31,15362.58,15347.49,14076.99,20069.45,5029.02,14991.27,9511.45,6440.66,5120.59,10265.35,5251.1,19457.39,21915.8,16045.04,22830.49,9221.28,9749.76,9923.75,11573.8,10126.97,10730.15,9632.14,10370.72,10568.95,9446.27,13403.58,12110.86,18362.15,10178.23,10713.31,17771.73,9276.17,9605.79,15562.11,9795.09,17006.04,10813.93,12536.21,9749.76,11755.45,10370.72,9778.55,9632.14,9299.45,12427.04,9255.580000000002,12439.91,10126.97,9683.85,18485.28,17414.85,30897.02,34694.18,22192.4,34503.54,20739.46,14231.78,24137.46,25761.54,20924.34,28341.57,15980.19,27437.05,27244.18,13675.96,19355.42,26089.2,18715.37,10483.47,8883.27,12100.43,9290.78,11570.11,10871.78,9731.75,8701.17,12937.48,9277.76,9424.39,8822.28,9751.54,10611.09,5169.64,8471.639999999998,5333.96,10450.12,8769.69,8548.719999999998,8794.59,6673.22,24029.85,17402.6,16893.86,17043.49,18850.27,16893.86,20683.1,25679.43,17224.07,22609.47,28923.47,17635.78,31947.47,22869.3,21592.73,19777.97,17452.77,17663.64,23447.35,16940.43,17821.54,18713.1,22211.17,17800.06,23692.21,23425.98,21694.02,26937.54,23554.5,18126.8,24420.17,29860.35,17224.07,17016.09,24431.28,17225.25,23592.42,22524.66,23445.52,23453.56,16832.23,29285.7,30664.7,26937.54,23613.42,17150.36,20444.79,17196.72,19063.99,29844.75,29834.7,18840.94,16885.96,17425.7,23773.31,18786.69,23773.31,21130.24,18731.67,19165.39,28922.21,17433.58,32393.71,23443.87,29860.35,15716.33,15786.54,16980.23,15305.96,17449.54,15390.77,15648.03,15869.62,15380.22,19061.07,15515.55,19712.08,22326.6,15515.55
15,5371.21,2391.12,3392.76,6641.74,2391.72,14776.6,13332.27,3416.16,523.03,10963.15,8405.09,1106.74,3771.87,20265.18,8308.78,0.0,11177.93,10797.12,13269.5,13015.7,10127.11,9942.84,14763.38,9932.82,13945.67,13830.34,15593.06,12745.21,9947.41,10103.22,10332.87,10697.79,10342.15,12476.62,11015.76,9858.49,9707.26,11721.69,13526.55,11721.69,12735.23,13830.34,22021.42,13015.7,11429.68,11177.93,10342.15,13950.8,14127.61,20022.71,9954.28,14946.61,13808.19,17686.86,11561.11,19471.72,17279.69,11592.84,10723.12,13818.73,13808.19,12965.04,17802.97,12474.0,13576.74,10659.99,11530.95,12175.65,10569.61,12037.59,17279.69,19070.02,14307.85,19972.75,16597.85,17716.31,17950.17,15600.65,18209.09,18847.76,17521.32,15510.73,18683.21,15586.86,16361.77,15944.46,19129.97,15503.4,18833.38,18739.51,15989.9,17497.01,17371.76,17769.52,18268.14,15419.02,16135.54,17716.31,19909.97,15510.73,15453.06,17521.32,16011.48,20611.22,16097.56,20622.47,18209.09,15513.37,11289.02,10047.63,24865.47,29054.93,15463.28,28836.74,13806.69,6999.83,17606.25,19300.57,14015.51,22214.36,8671.83,21256.7,21011.23,6197.16,12263.29,19636.55,11557.97,2205.88,8079.96,4139.42,2974.49,13776.57,2572.7,2550.93,7564.2,16174.97,2954.25,9048.24,7910.229999999999,2570.75,11613.63,5470.25,12043.58,7181.86,2685.7,12322.72,12116.17,500.48,9316.41,22260.39,24017.97,21679.11,22003.22,20530.1,21679.11,21384.54,21002.48,23460.51,22001.03,23348.4,24459.8,25815.69,21967.16,21830.88,20768.31,23788.04,21627.35,19754.51,21838.76,21665.3,21171.15,22181.8,21676.82,19490.05,22160.74,21898.85,21892.01,22211.24,21768.43,19966.97,24092.0,23460.51,22346.98,19983.78,23425.89,19462.53,22123.9,22183.86,19749.38,22409.97,23630.85,24742.62,21892.01,19485.32,22237.46,21217.38,23372.62,20355.11,24072.83,24071.52,21676.35,22617.98,23949.47,21487.14,21487.26,21487.14,21608.94,21188.06,20378.92,23354.19,23853.59,26190.54,20646.41,24092.0,11053.78,14443.2,10381.61,12395.23,17836.93,11897.91,11180.17,10697.44,12010.08,20531.3,11524.54,21478.41,24922.77,11524.54
16,16011.3,13509.06,8920.21,8214.35,9351.43,11909.48,11039.16,14473.9,10694.2,9436.74,8534.91,12179.21,8785.62,15511.65,8516.489999999998,11177.93,0.0,949.83,12872.61,2112.46,7257.13,2944.75,14436.51,3902.19,13596.89,13477.32,15268.46,1814.53,3147.14,7258.87,8147.01,9125.11,8089.859999999999,12023.39,9844.830000000002,6292.4,5310.01,11108.99,2675.15,11108.99,1814.62,13477.32,20960.41,2112.46,296.18,0.0,8089.859999999999,13619.49,13796.16,19263.08,3903.19,24351.52,22953.23,27385.87,15075.35,29576.31,26936.19,16200.56,17607.93,22967.18,22953.23,21786.32,27525.27,12765.13,22629.66,17650.49,14940.51,13146.15,18219.99,13409.99,26936.19,29150.34,23600.79,30075.84,16342.19,15753.36,15730.32,20067.58,15720.22,16095.17,15844.8,18723.17,15972.66,17502.37,21917.75,20612.43,26700.72,18491.17,16071.33,26136.68,17010.93,15817.97,24015.23,15770.33,25406.75,19255.97,21046.51,15753.36,16810.32,18723.17,18003.48,15844.8,17033.14,17243.52,16896.45,17263.08,15720.22,17857.56,22381.23,21104.82,36043.26,40216.4,26615.03,40000.34,24934.74,18155.28,28772.06,30467.8,25146.62,33392.29,19779.39,32434.48,32188.24,17316.0,23370.75,30803.63,22657.43,12426.09,4120.15,15126.74,9570.16,3093.3,13162.58,10476.98,4530.93,5061.94,9575.35,3575.66,4254.17,10482.78,2534.59,12147.63,16972.51,13141.4,11421.28,17273.92,17050.55,11409.74,14947.76,31757.22,24638.28,25139.45,25230.41,27321.6,25139.45,29039.94,31918.15,24767.63,30695.05,34488.89,24662.01,36992.41,30873.26,29871.49,28171.95,24914.09,26081.51,30271.0,25150.08,26256.13,27228.26,30438.79,26229.95,30218.81,31322.83,29966.99,32920.57,31427.05,26585.39,30795.95,35256.14,24767.63,25064.87,30810.93,24793.72,30162.17,30665.11,31343.85,30270.94,24776.72,34782.35,35917.55,32920.57,30184.56,25290.07,28811.13,24783.4,27493.18,35237.24,35235.17,27354.35,24751.14,24739.01,31290.7,27302.69,31290.7,29451.62,27246.83,27585.23,34493.72,24830.71,37364.1,30728.01,35256.14,21782.75,23481.09,21559.37,22323.16,25696.05,22119.66,21833.54,21602.52,22172.44,27512.14,21977.55,28196.77,30840.16,21977.55
17,15778.86,13160.73,8335.059999999998,7388.649999999999,8847.3,10997.1,10104.23,14148.16,10298.9,8486.95,7625.62,11831.53,8169.689999999999,14728.76,7610.5,10797.12,949.83,0.0,11923.77,2960.94,6307.74,2002.5,13490.61,2953.57,12649.18,12529.38,14324.8,2670.3,2202.03,6309.59,7197.66,8175.609999999999,7140.41,11073.69,8895.239999999998,5343.79,4362.77,10159.21,3514.16,10159.21,2674.28,12529.38,20050.55,2960.94,1211.35,949.83,7140.41,12671.71,12848.76,18339.94,2954.28,23624.26,22212.5,26672.61,14157.54,28898.51,26220.52,15301.85,16778.58,22226.63,22212.5,21029.28,26813.73,11815.73,21883.91,16825.48,14021.35,12199.62,17421.48,12466.24,26220.52,28470.89,22868.08,29396.61,15400.78,14844.23,14828.84,19144.48,14827.63,15214.96,14928.34,17783.38,15089.94,16553.7,21014.0,19691.66,25851.97,17549.26,15191.3,25282.03,16061.39,14901.43,23138.09,14862.35,24543.68,18323.85,20129.64,14844.23,15949.59,17783.38,17058.24,14928.34,16083.6,16398.18,15947.5,16417.49,14827.63,16910.94,22061.1,20797.87,35634.93,39770.99,26260.06,39557.66,24596.96,17795.85,28402.03,30095.6,24806.94,32988.79,19449.33,32034.6,31793.88,16977.33,23043.93,30431.6,22334.1,12181.98,4352.52,14822.36,9419.14,3961.9,12898.59,10307.39,4686.23,5683.6,9422.34,3998.68,4460.17,10315.06,3432.31,11407.2,16077.08,12336.37,11257.77,16376.96,16154.7,11063.28,14096.79,31013.8,23702.63,24192.85,24282.3,26439.52,24192.85,28188.33,31369.33,23823.64,29895.14,34027.15,23733.48,36598.17,30086.85,29036.4,27311.52,23972.15,25144.62,29646.29,24202.5,25321.04,26323.06,29613.76,25294.33,29630.9,30553.61,29133.08,32405.06,30661.64,25653.5,30227.85,34816.38,23823.64,24115.15,30242.38,23849.18,29568.82,29855.84,30574.42,29647.02,23826.98,34329.49,35496.28,32405.06,29591.09,24341.15,27957.31,23838.46,26623.68,34797.83,34794.81,26438.95,23801.89,23801.06,30576.58,26390.83,30576.58,28607.75,26341.63,26718.21,34031.26,23890.43,36979.49,30044.72,34816.38,21219.29,22729.85,21158.5,21653.19,24864.48,21482.63,21257.01,21075.14,21528.29,26636.51,21370.49,27309.94,29924.6,21370.49
18,18061.91,14952.42,10189.58,7128.46,11188.26,2954.41,2365.19,15848.78,12880.07,3482.87,5475.81,14173.65,9817.72,7975.3,5558.81,13269.5,12872.61,11923.77,0.0,14661.55,5658.65,9969.56,1674.71,8991.899999999998,772.6499999999999,643.97,2569.63,14410.6,9759.13,5661.09,4785.77,3820.51,4836.71,917.66,3115.42,6630.56,7617.83,1877.58,15143.37,1877.58,14421.17,643.97,8991.87,14661.55,13117.89,12872.61,4836.71,789.6,982.02,7035.95,8988.26,17042.71,15570.62,20004.04,4654.45,22647.35,19553.66,6184.74,9302.87,15586.15,15570.62,14252.33,20162.35,935.05,15193.94,9446.48,4509.2,1635.93,10516.63,2075.23,19553.66,22228.3,16285.45,23079.69,3682.78,4467.28,4735.39,8439.19,5044.36,5712.61,4252.73,6517.46,5547.86,4830.62,10760.58,9019.93,16588.15,6195.0,5702.24,15927.97,4149.14,4228.66,13418.24,4523.69,15051.61,7349.31,9550.21,4467.28,6804.64,6517.46,5551.03,4252.73,4170.86,7543.63,4023.96,7551.27,5044.36,5324.85,21990.48,21107.2,32991.13,36373.37,25157.32,36209.27,23929.02,18049.47,26864.27,28368.25,24086.61,30593.85,19717.16,29762.9,29617.81,17694.94,22735.92,28676.93,22178.98,15472.96,14201.17,16555.13,14713.12,15633.9,15718.85,15055.05,14086.64,16275.91,14698.49,14608.86,14163.53,15075.88,15281.53,8544.52,6851.69,7477.7,15679.09,7021.87,6894.37,13769.96,7026.88,23463.32,11974.89,12468.91,12495.38,16391.14,12468.91,18721.44,26986.53,11950.69,21370.17,30734.38,12143.03,34090.43,21806.76,19866.37,17702.7,12131.11,13732.56,24213.35,12438.5,13959.5,15727.84,20614.69,13917.27,24787.14,22564.92,19981.74,28443.61,22736.31,14377.85,25642.15,31783.95,11950.69,12237.82,25648.67,11968.14,24644.65,21152.74,22580.65,24226.8,11916.3,31143.27,32680.4,28443.61,24663.07,12515.1,18456.11,11951.78,16852.24,31771.59,31755.22,15583.97,11879.76,12030.08,23571.01,15627.23,23571.01,19280.5,15745.82,16996.94,30727.9,12077.61,34581.85,23607.86,31783.95,17837.68,15807.99,20167.62,16414.72,16050.4,16847.16,17660.93,18279.02,16762.65,16725.88,17258.0,17111.39,18977.25,17258.0
